frame,x,y,time,dt,dx,dy,vx,vy,dvx,dvy,ax,ay,x_m,y_m,vx_m,vy_m,ax_m,ay_m
0,493,70,0.00000,,,,,,,,,,1.05173,0.14933,,,,
1,493,70,0.03333,0.03333,0.00000,0.00000,0.00000,0.00000,,,,,1.05173,0.14933,0.00000,0.00000,,
2,493,70,0.06667,0.03333,0.00000,0.00000,0.00000,0.00000,0.00000,0.00000,0.00000,0.00000,1.05173,0.14933,0.00000,0.00000,0.00000,0.00000
3,489,115,0.10000,0.03333,-4.00000,45.00000,-120.00000,1350.00000,-120.00000,1350.00000,-3600.00000,40500.00000,1.04320,0.24533,-0.25600,2.88000,-7.68000,86.40000
4,489,115,0.13333,0.03333,0.00000,0.00000,0.00000,0.00000,120.00000,-1350.00000,3600.00000,-40500.00000,1.04320,0.24533,0.00000,0.00000,7.68000,-86.40000
5,493,70,0.16667,0.03333,4.00000,-45.00000,120.00000,-1350.00000,120.00000,-1350.00000,3600.00000,-40500.00000,1.05173,0.14933,0.25600,-2.88000,7.68000,-86.40000
6,493,70,0.20000,0.03333,0.00000,0.00000,0.00000,0.00000,-120.00000,1350.00000,-3600.00000,40500.00000,1.05173,0.14933,0.00000,0.00000,-7.68000,86.40000
7,579,155,0.23333,0.03333,86.00000,85.00000,2580.00000,2550.00000,2580.00000,2550.00000,77400.00000,76500.00000,1.23520,0.33067,5.50400,5.44000,165.12000,163.20000
8,457,8,0.26667,0.03333,-122.00000,-147.00000,-3660.00000,-4410.00000,-6240.00000,-6960.00000,-187200.00000,-208800.00000,0.97493,0.01707,-7.80800,-9.40800,-399.36000,-445.44000
9,579,155,0.30000,0.03333,122.00000,147.00000,3660.00000,4410.00000,7320.00000,8820.00000,219600.00000,264600.00000,1.23520,0.33067,7.80800,9.40800,468.48000,564.48000
10,582,156,0.33333,0.03333,3.00000,1.00000,90.00000,30.00000,-3570.00000,-4380.00000,-107100.00000,-131400.00000,1.24160,0.33280,0.19200,0.06400,-228.48000,-280.32000
11,525,185,0.36667,0.03333,-57.00000,29.00000,-1710.00000,870.00000,-1800.00000,840.00000,-54000.00000,25200.00000,1.12000,0.39467,-3.64800,1.85600,-115.20000,53.76000
12,525,185,0.40000,0.03333,0.00000,0.00000,0.00000,0.00000,1710.00000,-870.00000,51300.00000,-26100.00000,1.12000,0.39467,0.00000,0.00000,109.44000,-55.68000
13,460,14,0.43333,0.03333,-65.00000,-171.00000,-1950.00000,-5130.00000,-1950.00000,-5130.00000,-58500.00000,-153900.00000,0.98133,0.02987,-4.16000,-10.94400,-124.80000,-328.32000
14,579,155,0.46667,0.03333,119.00000,141.00000,3570.00000,4230.00000,5520.00000,9360.00000,165600.00000,280800.00000,1.23520,0.33067,7.61600,9.02400,353.28000,599.04000
15,579,154,0.50000,0.03333,0.00000,-1.00000,0.00000,-30.00000,-3570.00000,-4260.00000,-107100.00000,-127800.00000,1.23520,0.32853,0.00000,-0.06400,-228.48000,-272.64000
16,579,155,0.53333,0.03333,0.00000,1.00000,0.00000,30.00000,0.00000,60.00000,0.00000,1800.00000,1.23520,0.33067,0.00000,0.06400,0.00000,3.84000
17,435,7,0.56667,0.03333,-144.00000,-148.00000,-4320.00000,-4440.00000,-4320.00000,-4470.00000,-129600.00000,-134100.00000,0.92800,0.01493,-9.21600,-9.47200,-276.48000,-286.08000
18,439,9,0.60000,0.03333,4.00000,2.00000,120.00000,60.00000,4440.00000,4500.00000,133200.00000,135000.00000,0.93653,0.01920,0.25600,0.12800,284.16000,288.00000
19,440,11,0.63333,0.03333,1.00000,2.00000,30.00000,60.00000,-90.00000,0.00000,-2700.00000,0.00000,0.93867,0.02347,0.06400,0.12800,-5.76000,0.00000
20,439,9,0.66667,0.03333,-1.00000,-2.00000,-30.00000,-60.00000,-60.00000,-120.00000,-1800.00000,-3600.00000,0.93653,0.01920,-0.06400,-0.12800,-3.84000,-7.68000
21,439,9,0.70000,0.03333,0.00000,0.00000,0.00000,0.00000,30.00000,60.00000,900.00000,1800.00000,0.93653,0.01920,0.00000,0.00000,1.92000,3.84000
22,439,9,0.73333,0.03333,0.00000,0.00000,0.00000,0.00000,0.00000,0.00000,0.00000,0.00000,0.93653,0.01920,0.00000,0.00000,0.00000,0.00000
23,439,9,0.76667,0.03333,0.00000,0.00000,0.00000,0.00000,0.00000,0.00000,0.00000,0.00000,0.93653,0.01920,0.00000,0.00000,0.00000,0.00000
24,440,10,0.80000,0.03333,1.00000,1.00000,30.00000,30.00000,30.00000,30.00000,900.00000,900.00000,0.93867,0.02133,0.06400,0.06400,1.92000,1.92000
25,440,10,0.83333,0.03333,0.00000,0.00000,0.00000,0.00000,-30.00000,-30.00000,-900.00000,-900.00000,0.93867,0.02133,0.00000,0.00000,-1.92000,-1.92000
26,440,10,0.86667,0.03333,0.00000,0.00000,0.00000,0.00000,0.00000,0.00000,0.00000,0.00000,0.93867,0.02133,0.00000,0.00000,0.00000,0.00000
27,440,10,0.90000,0.03333,0.00000,0.00000,0.00000,0.00000,0.00000,0.00000,0.00000,0.00000,0.93867,0.02133,0.00000,0.00000,0.00000,0.00000
28,440,10,0.93333,0.03333,0.00000,0.00000,0.00000,0.00000,0.00000,0.00000,0.00000,0.00000,0.93867,0.02133,0.00000,0.00000,0.00000,0.00000
29,439,9,0.96667,0.03333,-1.00000,-1.00000,-30.00000,-30.00000,-30.00000,-30.00000,-900.00000,-900.00000,0.93653,0.01920,-0.06400,-0.06400,-1.92000,-1.92000
30,438,9,1.00000,0.03333,-1.00000,0.00000,-30.00000,0.00000,0.00000,30.00000,0.00000,900.00000,0.93440,0.01920,-0.06400,0.00000,0.00000,1.92000
31,439,10,1.03333,0.03333,1.00000,1.00000,30.00000,30.00000,60.00000,30.00000,1800.00000,900.00000,0.93653,0.02133,0.06400,0.06400,3.84000,1.92000
32,438,9,1.06667,0.03333,-1.00000,-1.00000,-30.00000,-30.00000,-60.00000,-60.00000,-1800.00000,-1800.00000,0.93440,0.01920,-0.06400,-0.06400,-3.84000,-3.84000
33,438,9,1.10000,0.03333,0.00000,0.00000,0.00000,0.00000,30.00000,30.00000,900.00000,900.00000,0.93440,0.01920,0.00000,0.00000,1.92000,1.92000
34,437,8,1.13333,0.03333,-1.00000,-1.00000,-30.00000,-30.00000,-30.00000,-30.00000,-900.00000,-900.00000,0.93227,0.01707,-0.06400,-0.06400,-1.92000,-1.92000
35,438,9,1.16667,0.03333,1.00000,1.00000,30.00000,30.00000,60.00000,60.00000,1800.00000,1800.00000,0.93440,0.01920,0.06400,0.06400,3.84000,3.84000
36,438,9,1.20000,0.03333,0.00000,0.00000,0.00000,0.00000,-30.00000,-30.00000,-900.00000,-900.00000,0.93440,0.01920,0.00000,0.00000,-1.92000,-1.92000
37,843,130,1.23333,0.03333,405.00000,121.00000,12150.00000,3630.00000,12150.00000,3630.00000,364500.00000,108900.00000,1.79840,0.27733,25.92000,7.74400,777.60000,232.32000
38,606,214,1.26667,0.03333,-237.00000,84.00000,-7110.00000,2520.00000,-19260.00000,-1110.00000,-577800.00000,-33300.00000,1.29280,0.45653,-15.16800,5.37600,-1232.64000,-71.04000
39,843,131,1.30000,0.03333,237.00000,-83.00000,7110.00000,-2490.00000,14220.00000,-5010.00000,426600.00000,-150300.00000,1.79840,0.27947,15.16800,-5.31200,910.08000,-320.64000
40,843,131,1.33333,0.03333,0.00000,0.00000,0.00000,0.00000,-7110.00000,2490.00000,-213300.00000,74700.00000,1.79840,0.27947,0.00000,0.00000,-455.04000,159.36000
41,838,140,1.36667,0.03333,-5.00000,9.00000,-150.00000,270.00000,-150.00000,270.00000,-4500.00000,8100.00000,1.78773,0.29867,-0.32000,0.57600,-9.60000,17.28000
42,438,9,1.40000,0.03333,-400.00000,-131.00000,-12000.00000,-3930.00000,-11850.00000,-4200.00000,-355500.00000,-126000.00000,0.93440,0.01920,-25.60000,-8.38400,-758.40000,-268.80000
43,438,9,1.43333,0.03333,0.00000,0.00000,0.00000,0.00000,12000.00000,3930.00000,360000.00000,117900.00000,0.93440,0.01920,0.00000,0.00000,768.00000,251.52000
44,438,9,1.46667,0.03333,0.00000,0.00000,0.00000,0.00000,0.00000,0.00000,0.00000,0.00000,0.93440,0.01920,0.00000,0.00000,0.00000,0.00000
45,438,10,1.50000,0.03333,0.00000,1.00000,0.00000,30.00000,0.00000,30.00000,0.00000,900.00000,0.93440,0.02133,0.00000,0.06400,0.00000,1.92000
46,440,10,1.53333,0.03333,2.00000,0.00000,60.00000,0.00000,60.00000,-30.00000,1800.00000,-900.00000,0.93867,0.02133,0.12800,0.00000,3.84000,-1.92000
47,440,10,1.56667,0.03333,0.00000,0.00000,0.00000,0.00000,-60.00000,0.00000,-1800.00000,0.00000,0.93867,0.02133,0.00000,0.00000,-3.84000,0.00000
48,440,10,1.60000,0.03333,0.00000,0.00000,0.00000,0.00000,0.00000,0.00000,0.00000,0.00000,0.93867,0.02133,0.00000,0.00000,0.00000,0.00000
49,440,10,1.63333,0.03333,0.00000,0.00000,0.00000,0.00000,0.00000,0.00000,0.00000,0.00000,0.93867,0.02133,0.00000,0.00000,0.00000,0.00000
50,439,9,1.66667,0.03333,-1.00000,-1.00000,-30.00000,-30.00000,-30.00000,-30.00000,-900.00000,-900.00000,0.93653,0.01920,-0.06400,-0.06400,-1.92000,-1.92000
51,439,9,1.70000,0.03333,0.00000,0.00000,0.00000,0.00000,30.00000,30.00000,900.00000,900.00000,0.93653,0.01920,0.00000,0.00000,1.92000,1.92000
52,440,10,1.73333,0.03333,1.00000,1.00000,30.00000,30.00000,30.00000,30.00000,900.00000,900.00000,0.93867,0.02133,0.06400,0.06400,1.92000,1.92000
53,432,8,1.76667,0.03333,-8.00000,-2.00000,-240.00000,-60.00000,-270.00000,-90.00000,-8100.00000,-2700.00000,0.92160,0.01707,-0.51200,-0.12800,-17.28000,-5.76000
54,432,8,1.80000,0.03333,0.00000,0.00000,0.00000,0.00000,240.00000,60.00000,7200.00000,1800.00000,0.92160,0.01707,0.00000,0.00000,15.36000,3.84000
55,432,8,1.83333,0.03333,0.00000,0.00000,0.00000,0.00000,0.00000,0.00000,0.00000,0.00000,0.92160,0.01707,0.00000,0.00000,0.00000,0.00000
56,432,8,1.86667,0.03333,0.00000,0.00000,0.00000,0.00000,0.00000,0.00000,0.00000,0.00000,0.92160,0.01707,0.00000,0.00000,0.00000,0.00000
